4.818000000000000000e+03
4.819000000000000000e+03
4.938000000000000000e+03
4.939000000000000000e+03
5.058000000000000000e+03
5.059000000000000000e+03
5.178000000000000000e+03
5.179000000000000000e+03
5.298000000000000000e+03
5.299000000000000000e+03
5.506000000000000000e+03
5.507000000000000000e+03
5.626000000000000000e+03
5.627000000000000000e+03
5.746000000000000000e+03
5.747000000000000000e+03
5.866000000000000000e+03
5.867000000000000000e+03
5.986000000000000000e+03
5.987000000000000000e+03
6.200000000000000000e+03
6.201000000000000000e+03
6.320000000000000000e+03
6.321000000000000000e+03
6.440000000000000000e+03
6.441000000000000000e+03
6.560000000000000000e+03
6.561000000000000000e+03
6.680000000000000000e+03
6.681000000000000000e+03
6.896000000000000000e+03
7.016000000000000000e+03
7.136000000000000000e+03
7.256000000000000000e+03
7.376000000000000000e+03
6895
6896
7015
7016
7135
7136
7255
7256
7375
7376
7399
7400
7401
7402
7403
7404
7405
7406
7407
7408
7409
7410
7411
7412
7413
7414
7415
7416
7417
7418
7419
7420
7421
7422
7423
7424
7425
7426
7427
7428
7429
7430
7431
7432
7433
7434
7435
7436
7437
7438
7439
7440
7441
7442
7443
7444
7445
7446
7447
7448
7449
7450
7451
7452
7453
7454
7455
7456
7457
7458
7459
7460
7461
7462
7463
7464
7465
7466
7467
7468
7469
7470
7471
7472
7473
7474
7475
7476
7477
7478
7479
7480
7481
7482
7483
7484
7485
7486
7487
7488
7489
7490
7491
7492
7493
7494
7495
7496
7497
7498
7499
7500
7501
7502
7503
7504
7505
7506
7507
7508
7509
7510
7511
7512
7513
7514
7515
7516
7517
7518
7519
7520
7521
7522
7523
7524
7525
7526
7527
7528
7529
7530
7531
7532
7533
7534
7535
7536
7537
7538
7539
7540
7541
7542
7543
7544
7545
7546
7547
7548
7549
7550
7551
7552
7553
7554
7555
7556
7557
7558
7559
7560
7561
7562
7563
7564
7565
7566
7567
7568
7569
7570
7571
7572
7573
7574
7575
7576
7577
7578
7579
7580
7581
7582
7583
7584
7585
7586
7587
7588
7589
7590
7591
7592
7593
7594
7595
7596
7597
7598
7599
7600
7601
7602
7603
7604
7606
7607
7674
7693
7694
7697
7747
7760
7773
7783
7794
7795
7796
7798
7800
7803
7813
7814
7862
7863
7876
7888
7889
7890
7904
7909
7910
7911
7913
7916
7920
7929
7930
7933
7934
7957
7984
7991
7994
8021
8024
8027
8028
8029
8030
8031
8033
8034
8035
8038
8039
8040
8041
8046
8052
8053
8054
8058
8066
8067
8068
8069
8070
8071
8072
8073
8074
8075
8076
8077
8078
8079
8080
8081
8082
8083
8084
8085
8086
8087
8088
8089
8090
8091
8092
8093
8094
8095
8096
8097
8098
8099
8100
8101
8102
8103
8104
8105
8106
8107
8108
8109
8110
8111
8112
8113
8114
8115
8116
8117
8118
8120
8126
8138
8190
8211
8218
8219
8220
8232
8278
8312
8313
8314
8315
8316
8372
8376
8377
8389
8397
8410
8411
8412
8435
8455
8462
8485
8501
8502
8503
8505
8507
8508
8548
8561
8562
8573
8575
8580
8581
8582
8583
8584
8585
8586
8587
8588
8589
8590
8591
8592
8593
8594
8595
8596
8597
8598
8599
8600
8601
8602
8603
8604
8605
8606
8607
8608
8609
8610
8611
8612
8613
8614
8615
8616
8617
8618
8619
8620
8621
8622
8623
8624
8625
8626
8627
8628
8629
8630
8631
8632
8633
8634
8635
8636
8637
8638
8639
8640
8641
8642
8643
8644
8645
8646
8647
8648
8649
8650
8651
8652
8653
8654
8655
8656
8657
8658
8659
8660
8661
8662
8663
8664
8665
8666
8667
8668
8669
8670
8671
8672
8673
8674
8675
8676
8677
8678
8679
8680
8681
8682
8683
8684
8685
8686
8687
8688
8689
8690
8691
8692
8693
8694
8695
8696
8697
8698
8699
8700
8701
8702
8703
8704
8705
8706
8707
8708
8709
8710
8711
8712
8713
8714
8715
8716
8717
8718
8719
8720
8721
8722
8723
8724
8725
8726
8727
8728
8729
8730
8731
8732
8740
8741
8742
8743
8744
8745
8746
8747
8748
8749
8750
8751
8752
8753
8754
8755
8756
8757
8758
8759
8760
8761
8762
8763
8764
8765
8766
8767
8768
8769
8770
8771
8772
8773
8774
8775
8776
8777
8778
8779
8780
8781
8782
8783
8784
8785
8786
8787
8788
8789
8790
8791
8792
8793
8794
8795
8917
8918
8919
8951
9095
9383
9605
9606
9749
9750
9893
9894
10037
10038
10104
10105
10251
10395
10539
10683
10902
11046
11190
11334
11564
11714
11864
12183
12333
12483
12832
12982
13132
13459
13609
13759
14066
14216
14366
14761
14762
14836
14986
15308
15458
15608
15957
16107
16257
16567
16717
16867
17206
17356
17506
18551
19231
19381
19531
19681
19955
20105
20255
20498
20634
20796
20958
21016
21017
21018
21340
21502
21664
21826
6.200000000000000000e+03
6.201000000000000000e+03
6.320000000000000000e+03
6.321000000000000000e+03
6.440000000000000000e+03
6.441000000000000000e+03
6.560000000000000000e+03
6.561000000000000000e+03
6.680000000000000000e+03
6.681000000000000000e+03
18551
18701
18851
17879
18029
18179
22101
22317
22760
22964
23433
23637
23926
23927
24085
24289
24536
24537
24819
25160
25161
25443
24536
24537
24819
25160
25161
25443
25786
25974
26160
26412
26607
26799
26962
26963
27032
27033
27067
27239
27443
27067
27239
27443
27865
28081
28496
28736
29126
29378
29782
30040
30455
30625
30626
30719
31164
31464
31558
31872
31922
32568
32736
32854
33259
33292
34017
34676
35981
36562
37236
37864
38481
117339
119157
121038
122937
124911
126867
128892
130938
132978
135063
136334
137091
139107
141165
143136
145056
146961
147963
148833
149601
149602
149603
149604
150414
150738
152547
154422
155493
156321
157356
158232
160209
162198
164283
166365
168495
170589
172629
174624
176619
178515
180108
180684
182232
183837
184395
185691
186042
186231
186918
187824
188880
189696
191613
192750
193656
195678
197706
199782
201888
203982
205974
208074
209934
211863
213714
214956
215562
219249
221109
222999
224982
226950
228972
228975

