1 4818 1327.83393235
1 4819 1327.85476568
1 4938 1330.33393123
1 4939 1330.35476455
1 5058 1332.83393011
1 5059 1332.85476343
1 5178 1335.33392899
1 5179 1335.35476231
1 5298 1337.83392787
1 5299 1337.85476119
1 5506 1342.16725926
1 5507 1342.18809258
1 5626 1344.66725814
1 5627 1344.68809146
1 5746 1347.16725702
1 5747 1347.18809034
1 5866 1349.66725590
1 5867 1349.68808922
1 5986 1352.16725478
1 5987 1352.18808810
2 6200 1356.62558859
2 6201 1356.64642192
2 6320 1359.12558798
2 6321 1359.14642131
2 6440 1361.62558736
2 6441 1361.64642069
2 6560 1364.12558675
2 6561 1364.14642008
2 6680 1366.62558614
2 6681 1366.64641947
2 6895 1371.10475171
2 6896 1371.12558504
2 7015 1373.60475109
2 7016 1373.62558442
2 7135 1376.10475048
2 7136 1376.12558381
2 7255 1378.60474987
2 7256 1378.62558320
2 7375 1381.10474926
2 7376 1381.12558258
3 7404 1381.70891577
3 7405 1381.72974910
3 7406 1381.75058243
3 7407 1381.77141576
3 7408 1381.79224909
3 7409 1381.81308242
3 7410 1381.83391574
3 7411 1381.85474907
3 7412 1381.87558240
3 7413 1381.89641573
3 7414 1381.91724906
3 7415 1381.93808239
3 7416 1381.95891571
3 7417 1381.97974904
3 7418 1382.00058237
3 7419 1382.02141570
3 7420 1382.04224903
3 7421 1382.06308235
3 7422 1382.08391568
3 7423 1382.10474901
3 7424 1382.12558234
3 7425 1382.14641567
3 7426 1382.16724900
3 7427 1382.18808232
3 7428 1382.20891565
3 7429 1382.22974898
3 7430 1382.25058231
3 7431 1382.27141564
3 7432 1382.29224896
3 7433 1382.31308229
3 7434 1382.33391562
3 7435 1382.35474895
3 7436 1382.37558228
3 7437 1382.39641561
3 7438 1382.41724893
3 7439 1382.43808226
3 7440 1382.45891559
3 7441 1382.47974892
3 7442 1382.50058225
3 7447 1382.60474889
3 7448 1382.62558222
3 7449 1382.64641554
3 7450 1382.66724887
3 7451 1382.68808220
3 7452 1382.70891553
3 7453 1382.72974886
3 7454 1382.75058219
3 7455 1382.77141551
3 7456 1382.79224884
3 7457 1382.81308217
3 7458 1382.83391550
3 7459 1382.85474883
3 7460 1382.87558216
3 7461 1382.89641548
3 7462 1382.91724881
3 7463 1382.93808214
3 7464 1382.95891547
3 7465 1382.97974880
3 7466 1383.00058212
3 7467 1383.02141545
3 7468 1383.04224878
3 7469 1383.06308211
3 7470 1383.08391544
3 7471 1383.10474877
3 7472 1383.12558209
3 7473 1383.14641542
3 7474 1383.16724875
3 7475 1383.18808208
3 7476 1383.20891541
3 7477 1383.22974874
3 7478 1383.25058206
3 7479 1383.27141539
3 7480 1383.29224872
3 7481 1383.31308205
3 7482 1383.33391538
3 7483 1383.35474870
3 7484 1383.37558203
3 7485 1383.39641536
3 7486 1383.41724869
3 7487 1383.43808202
3 7488 1383.45891535
3 7489 1383.47974867
3 7490 1383.50058200
3 7491 1383.52141533
3 7492 1383.54224866
3 7493 1383.56308199
3 7494 1383.58391532
3 7495 1383.60474864
3 7498 1383.66724863
3 7499 1383.68808196
3 7500 1383.70891528
3 7501 1383.72974861
3 7502 1383.75058194
3 7503 1383.77141527
3 7504 1383.79224860
3 7505 1383.81308193
3 7506 1383.83391525
3 7507 1383.85474858
3 7508 1383.87558191
3 7509 1383.89641524
3 7510 1383.91724857
3 7511 1383.93808189
3 7512 1383.95891522
3 7513 1383.97974855
3 7514 1384.00058188
3 7515 1384.02141521
3 7516 1384.04224854
3 7517 1384.06308186
3 7518 1384.08391519
3 7519 1384.10474852
3 7520 1384.12558185
3 7521 1384.14641518
3 7522 1384.16724851
3 7523 1384.18808183
3 7524 1384.20891516
3 7525 1384.22974849
3 7526 1384.25058182
3 7529 1384.31308180
3 7530 1384.33391513
3 7531 1384.35474846
3 7532 1384.37558179
3 7533 1384.39641512
3 7534 1384.41724844
3 7535 1384.43808177
3 7536 1384.45891510
3 7537 1384.47974843
3 7538 1384.50058176
3 7539 1384.52141509
3 7540 1384.54224841
3 7541 1384.56308174
3 7542 1384.58391507
3 7543 1384.60474840
3 7544 1384.62558173
3 7545 1384.64641505
3 7546 1384.66724838
3 7547 1384.68808171
3 7548 1384.70891504
3 7549 1384.72974837
3 7550 1384.75058170
3 7551 1384.77141502
3 7552 1384.79224835
3 7553 1384.81308168
3 7554 1384.83391501
3 7555 1384.85474834
3 7556 1384.87558167
3 7557 1384.89641499
3 7558 1384.91724832
3 7559 1384.93808165
3 7560 1384.95891498
3 7561 1384.97974831
3 7562 1385.00058163
3 7563 1385.02141496
3 7564 1385.04224829
3 7565 1385.06308162
3 7566 1385.08391495
3 7567 1385.10474828
3 7568 1385.12558160
3 7569 1385.14641493
3 7570 1385.16724826
3 7571 1385.18808159
3 7572 1385.20891492
3 7573 1385.22974825
3 7574 1385.25058157
3 7575 1385.27141490
3 7576 1385.29224823
3 7577 1385.31308156
3 7578 1385.33391489
3 7579 1385.35474821
3 7580 1385.37558154
3 7581 1385.39641487
3 7582 1385.41724820
3 7583 1385.43808153
3 7584 1385.45891486
3 7585 1385.47974818
3 7586 1385.50058151
3 7587 1385.52141484
3 7588 1385.54224817
3 7589 1385.56308150
3 7590 1385.58391482
3 7591 1385.60474815
3 7592 1385.62558148
3 7593 1385.64641481
3 7594 1385.66724814
3 7595 1385.68808147
3 7596 1385.70891479
3 7597 1385.72974812
3 7598 1385.75058145
3 7599 1385.77141478
3 7600 1385.79224811
3 7601 1385.81308144
3 7602 1385.83391476
3 7603 1385.85474809
3 7607 1385.93808140
3 7674 1387.33391440
3 7693 1387.72974763
3 7694 1387.75058096
3 7697 1387.81308095
3 7747 1388.85474736
3 7760 1389.12558062
3 7773 1389.39641389
3 7783 1389.60474717
3 7794 1389.83391378
3 7795 1389.85474711
3 7796 1389.87558044
3 7798 1389.91724710
3 7800 1389.95891375
3 7803 1390.02141374
3 7813 1390.22974702
3 7814 1390.25058035
3 7862 1391.25058010
3 7863 1391.27141343
3 7876 1391.54224670
3 7888 1391.79224664
3 7889 1391.81307997
3 7890 1391.83391329
3 7904 1392.12557989
3 7909 1392.22974653
3 7910 1392.25057986
3 7911 1392.27141319
3 7913 1392.31307984
3 7916 1392.37557983
3 7920 1392.45891314
3 7929 1392.64641309
3 7930 1392.66724642
3 7933 1392.72974641
3 7934 1392.75057974
3 7957 1393.22974628
3 7984 1393.79224615
3 7991 1393.93807944
3 7994 1394.00057943
3 8021 1394.56307929
3 8024 1394.62557928
3 8027 1394.68807926
3 8028 1394.70891259
3 8029 1394.72974592
3 8030 1394.75057925
3 8031 1394.77141257
3 8033 1394.81307923
3 8034 1394.83391256
3 8035 1394.85474589
3 8038 1394.91724587
3 8039 1394.93807920
3 8040 1394.95891253
3 8041 1394.97974586
3 8046 1395.08391250
3 8052 1395.20891247
3 8053 1395.22974579
3 8054 1395.25057912
3 8058 1395.33391244
3 8070 1395.58391237
3 8071 1395.60474570
3 8072 1395.62557903
3 8073 1395.64641236
3 8074 1395.66724569
3 8075 1395.68807902
3 8076 1395.70891234
3 8077 1395.72974567
3 8078 1395.75057900
3 8079 1395.77141233
3 8080 1395.79224566
3 8081 1395.81307899
3 8082 1395.83391231
3 8083 1395.85474564
3 8084 1395.87557897
3 8085 1395.89641230
3 8086 1395.91724563
3 8087 1395.93807895
3 8088 1395.95891228
3 8089 1395.97974561
3 8090 1396.00057894
3 8091 1396.02141227
3 8092 1396.04224560
3 8093 1396.06307892
3 8094 1396.08391225
3 8095 1396.10474558
3 8096 1396.12557891
3 8097 1396.14641224
3 8098 1396.16724556
3 8099 1396.18807889
3 8100 1396.20891222
3 8101 1396.22974555
3 8102 1396.25057888
3 8103 1396.27141221
3 8104 1396.29224553
3 8105 1396.31307886
3 8106 1396.33391219
3 8107 1396.35474552
3 8108 1396.37557885
3 8109 1396.39641218
3 8110 1396.41724550
3 8111 1396.43807883
3 8114 1396.50057882
3 8115 1396.52141214
3 8116 1396.54224547
3 8126 1396.75057876
3 8138 1397.00057869
3 8190 1398.08391176
3 8211 1398.52141165
3 8218 1398.66724495
3 8219 1398.68807828
3 8220 1398.70891161
3 8232 1398.95891155
3 8278 1399.91724465
3 8312 1400.62557781
3 8313 1400.64641113
3 8314 1400.66724446
3 8315 1400.68807779
3 8316 1400.70891112
3 8372 1401.87557750
3 8376 1401.95891081
3 8377 1401.97974414
3 8389 1402.22974408
3 8397 1402.39641071
3 8410 1402.66724397
3 8411 1402.68807730
3 8412 1402.70891063
3 8435 1403.18807718
3 8455 1403.60474374
3 8462 1403.75057704
3 8485 1404.22974359
3 8501 1404.56307684
3 8502 1404.58391017
3 8503 1404.60474350
3 8505 1404.64641015
3 8507 1404.68807681
3 8508 1404.70891014
3 8548 1405.54224327
3 8561 1405.81307654
3 8562 1405.83390986
3 8573 1406.06307647
3 8575 1406.10474313
3 8580 1406.20890977
3 8581 1406.22974310
3 8582 1406.25057643
3 8583 1406.27140976
3 8584 1406.29224308
3 8585 1406.31307641
3 8586 1406.33390974
3 8587 1406.35474307
3 8588 1406.37557640
3 8589 1406.39640973
3 8590 1406.41724305
3 8591 1406.43807638
3 8592 1406.45890971
3 8593 1406.47974304
3 8594 1406.50057637
3 8595 1406.52140970
3 8596 1406.54224302
3 8597 1406.56307635
3 8598 1406.58390968
3 8599 1406.60474301
3 8600 1406.62557634
3 8601 1406.64640966
3 8602 1406.66724299
3 8603 1406.68807632
3 8604 1406.70890965
3 8605 1406.72974298
3 8606 1406.75057631
3 8607 1406.77140963
3 8608 1406.79224296
3 8609 1406.81307629
3 8610 1406.83390962
3 8611 1406.85474295
3 8612 1406.87557627
3 8613 1406.89640960
3 8614 1406.91724293
3 8615 1406.93807626
3 8616 1406.95890959
3 8617 1406.97974292
3 8618 1407.00057624
3 8619 1407.02140957
3 8620 1407.04224290
3 8621 1407.06307623
3 8622 1407.08390956
3 8623 1407.10474289
3 8624 1407.12557621
3 8625 1407.14640954
3 8626 1407.16724287
3 8627 1407.18807620
3 8628 1407.20890953
3 8629 1407.22974285
3 8630 1407.25057618
3 8631 1407.27140951
3 8632 1407.29224284
3 8633 1407.31307617
3 8634 1407.33390950
3 8635 1407.35474282
3 8636 1407.37557615
3 8637 1407.39640948
3 8638 1407.41724281
3 8639 1407.43807614
3 8640 1407.45890947
3 8641 1407.47974279
3 8642 1407.50057612
3 8643 1407.52140945
3 8644 1407.54224278
3 8645 1407.56307611
3 8646 1407.58390943
3 8647 1407.60474276
3 8648 1407.62557609
3 8649 1407.64640942
3 8650 1407.66724275
3 8651 1407.68807608
3 8652 1407.70890940
3 8653 1407.72974273
3 8654 1407.75057606
3 8655 1407.77140939
3 8656 1407.79224272
3 8657 1407.81307605
3 8658 1407.83390937
3 8659 1407.85474270
3 8660 1407.87557603
3 8661 1407.89640936
3 8662 1407.91724269
3 8663 1407.93807601
3 8664 1407.95890934
3 8665 1407.97974267
3 8666 1408.00057600
3 8667 1408.02140933
3 8668 1408.04224266
3 8669 1408.06307598
3 8670 1408.08390931
3 8671 1408.10474264
3 8672 1408.12557597
3 8673 1408.14640930
3 8674 1408.16724263
3 8675 1408.18807595
3 8676 1408.20890928
3 8677 1408.22974261
3 8678 1408.25057594
3 8679 1408.27140927
3 8680 1408.29224259
3 8681 1408.31307592
3 8682 1408.33390925
3 8683 1408.35474258
3 8684 1408.37557591
3 8685 1408.39640924
3 8686 1408.41724256
3 8687 1408.43807589
3 8688 1408.45890922
3 8689 1408.47974255
3 8690 1408.50057588
3 8691 1408.52140921
3 8692 1408.54224253
3 8693 1408.56307586
3 8694 1408.58390919
3 8695 1408.60474252
3 8696 1408.62557585
3 8697 1408.64640917
3 8698 1408.66724250
3 8699 1408.68807583
3 8700 1408.70890916
3 8701 1408.72974249
3 8702 1408.75057582
3 8703 1408.77140914
3 8704 1408.79224247
3 8705 1408.81307580
3 8706 1408.83390913
3 8707 1408.85474246
3 8708 1408.87557579
3 8709 1408.89640911
3 8710 1408.91724244
3 8711 1408.93807577
3 8712 1408.95890910
3 8713 1408.97974243
3 8714 1409.00057575
3 8715 1409.02140908
3 8716 1409.04224241
3 8717 1409.06307574
3 8718 1409.08390907
3 8719 1409.10474240
3 8720 1409.12557572
3 8721 1409.14640905
3 8722 1409.16724238
3 8723 1409.18807571
3 8724 1409.20890904
3 8725 1409.22974237
3 8726 1409.25057569
3 8727 1409.27140902
3 8728 1409.29224235
3 8729 1409.31307568
3 8730 1409.33390901
3 8731 1409.35474233
4 8917 1413.22974139
4 8919 1413.27140804
4 8951 1413.93807455
4 9095 1416.93807381
4 9383 1422.93807234
4 9605 1427.56307121
4 9606 1427.58390454
4 9749 1430.56307047
4 9750 1430.58390380
4 9893 1433.56306974
4 9894 1433.58390307
4 10037 1436.56306901
4 10038 1436.58390233
5 10105 1437.97973533
5 10251 1441.02140125
5 10395 1444.02140051
5 10539 1447.02139978
5 10683 1450.02139904
5 10902 1454.58389793
5 11046 1457.58389719
5 11190 1460.58389646
5 11334 1463.58389573
6 11564 1468.37556122
6 11714 1471.50056046
6 11864 1474.62555969
6 12183 1481.27139140
6 12333 1484.39639063
6 12483 1487.52138987
7 12832 1494.79219904
7 12982 1497.91719773
7 13132 1501.04219643
7 13459 1507.85469359
7 13609 1510.97969229
7 13759 1514.10469099
8 14066 1520.50052161
8 14216 1523.62552030
8 14366 1526.75051899
8 14762 1535.00051553
8 14836 1536.54218155
8 14986 1539.66718023
9 15308 1546.37551081
9 15458 1549.50050953
9 15608 1552.62550824
9 15957 1559.89633859
9 16107 1563.02133730
9 16257 1566.14633602
10 16567 1572.60466670
10 16717 1575.72966537
10 16867 1578.85466403
10 17206 1585.91716102
10 17356 1589.04215970
10 17506 1592.16715837
11 17879 1599.93798840
11 18029 1603.06298707
11 18179 1606.18798574
11 18551 1613.93798244
11 18701 1617.06298112
11 18851 1620.18797979
12 19231 1628.10464311
12 19381 1631.22964178
12 19531 1634.35464045
12 19681 1637.47963912
12 19955 1643.18797003
12 20105 1646.31296870
12 20255 1649.43796737
13 20498 1654.50046508
13 20634 1657.33379721
13 20796 1660.70879577
13 20958 1664.08379433
13 21016 1665.29212715
13 21017 1665.31296047
13 21018 1665.33379379
13 21340 1672.04212427
13 21502 1675.41712283
13 21664 1678.79212139
13 21826 1682.16711995
14 22101 1687.89628424
14 22317 1692.39628232
14 22760 1701.62544505
14 22964 1705.87544324
15 23433 1715.64627213
15 23637 1719.89627028
15 23926 1725.91710099
15 23927 1725.93793431
15 24085 1729.22959955
15 24289 1733.47959770
16 24537 1738.64626177
16 24819 1744.52125912
16 25443 1757.52125327
17 25974 1768.58374862
17 26160 1772.45874694
17 26607 1781.77124290
17 26799 1785.77124116
17 26963 1789.18790634
18 27239 1794.93791548
18 27443 1799.18791369
18 27865 1807.97957665
18 28081 1812.47957475
19 28496 1821.12539281
19 28736 1826.12539071
19 29126 1834.25038730
19 29378 1839.50038510
20 29782 1847.91704809
20 30040 1853.29204585
20 30455 1861.93787558
20 30626 1865.50037409
20 30719 1867.43787329
21 31164 1876.70871975
21 31464 1882.95871707
21 31558 1884.91704956
21 31872 1891.45871339
22 32568 1905.95868981
22 33259 1920.35451701
23 34017 1936.14618841
23 34676 1949.87534913
24 35981 1977.06282526
25 36562 1989.16698664
25 37236 2003.20864691
26 37864 2016.29197418
26 38481 2029.14613513
27 117339 2042.31279582
27 119157 2054.93778992
28 121038 2068.00028419
28 122937 2081.18777838
29 124911 2094.89610588
29 126867 2108.47943329
30 128892 2122.54192675
30 130938 2136.75025375
31 132978 2150.91691436
31 135063 2165.39607456
32 136334 2174.22245959
32 137091 2179.47940171
32 139107 2193.47939549
33 141165 2207.77105602
33 143136 2221.45854991
34 145056 2234.79187734
34 146961 2248.02103809
35 148833 2261.02103264
35 149604 2266.37519695
35 150414 2272.00019440
35 150738 2274.25019341
36 152547 2286.81269952
36 154422 2299.83352703
37 155493 2307.27101211
37 156321 2313.02100955
37 158232 2326.29183696
38 160209 2340.02099742
38 162198 2353.83349129
39 164283 2368.31265129
39 166365 2382.77097804
40 168495 2397.56263805
40 170589 2412.10429811
41 172629 2426.27095815
41 174624 2440.12511804
42 176619 2453.97927841
42 178515 2467.14593894
43 180108 2478.20843419
43 180684 2482.20843242
43 182232 2492.95842768
44 183837 2504.10425613
44 184395 2507.97925442
44 185691 2516.97925045
44 186231 2520.72924880
45 187824 2531.79174381
45 189696 2544.79173803
46 191613 2558.10423198
46 193656 2572.29172562
47 195678 2586.33338605
47 197706 2600.41671318
48 199782 2614.83337344
48 201888 2629.45836695
49 203982 2644.00002713
49 205974 2657.83335427
50 209934 2685.33335344
51 211863 2698.72918075
51 213714 2711.58334154
52 215562 2724.41665752
53 219249 2750.02081221
53 221109 2762.93747276
54 222999 2776.06246669
54 224982 2789.83329367
55 226950 2803.49995400
55 228972 2817.54161433
55 228975 2817.56244765
