80775
80776
80777
80778
80779
80780
80781
80782
80783
80784
80785
80786
80787
82602
82603
82604
82605
82606
82607
82608
82609
82610
84402
84403
84404
84405
84406
84407
84408
84409
84410
86202
86203
86204
86205
86206
86207
86208
86209
86210
88002
88003
88004
88005
88006
88007
88008
88009
88010
89802
89803
89804
89805
89806
89807
89808
89809
89810
91178
91179
91180
91181
91182
91183
91184
91185
91186
91187
91188
91189
91190
93005
93006
93007
93008
93009
93010
93011
93012
94805
94806
94807
94808
94809
94810
94811
94812
96605
96606
96607
96608
96609
96610
96611
96612
98405
98406
98407
98408
98409
98410
98411
98412
100205
100206
100207
100208
100209
100210
100211
100212
91178
91179
91180
91181
91182
91183
91184
91185
91186
91187
91188
91189
91190
93005
93006
93007
93008
93009
93010
93011
93012
94805
94806
94807
94808
94809
94810
94811
94812
96605
96606
96607
96608
96609
96610
96611
96612
98405
98406
98407
98408
98409
98410
98411
98412
100205
100206
100207
100208
100209
100210
100211
100212
91178
91179
91180
91181
91182
91183
91184
91185
91186
91187
91188
91189
91190
93005
93006
93007
93008
93009
93010
93011
93012
94805
94806
94807
94808
94809
94810
94811
94812
96605
96606
96607
96608
96609
96610
96611
96612
98405
98406
98407
98408
98409
98410
98411
98412
100205
100206
100207
100208
100209
100210
100211
100212
101613
101614
101615
101616
101617
101618
101619
101620
101621
101622
101623
101624
101625
103440
103441
103442
103443
103444
103445
103446
103447
105240
105241
105242
105243
105244
105245
105246
105247
107040
107041
107042
107043
107044
107045
107046
107047
108840
108841
108842
108843
108844
108845
108846
108847
110640
110641
110642
110643
110644
110645
110646
110647
101613
101614
101615
101616
101617
101618
101619
101620
101621
101622
101623
101624
101625
103440
103441
103442
103443
103444
103445
103446
103447
105240
105241
105242
105243
105244
105245
105246
105247
107040
107041
107042
107043
107044
107045
107046
107047
108840
108841
108842
108843
108844
108845
108846
108847
110640
110641
110642
110643
110644
110645
110646
110647
111783
111784
111785
111786
111787
111788
111789
111790
111791
111792
111793
111794
111795
113610
113611
113612
113613
113614
113615
113616
113617
115410
115411
115412
115413
115414
115415
115416
115417
117210
117211
117212
117213
117214
117215
117216
117217
119010
119011
119012
119013
119014
119015
119016
119017
120810
120811
120812
120813
120814
120815
120816
120817
111783
111784
111785
111786
111787
111788
111789
111790
111791
111792
111793
111794
111795
113610
113611
113612
113613
113614
113615
113616
113617
115410
115411
115412
115413
115414
115415
115416
115417
117210
117211
117212
117213
117214
117215
117216
117217
119010
119011
119012
119013
119014
119015
119016
119017
120810
120811
120812
120813
120814
120815
120816
120817
115410
115411
115412
115413
115414
115415
115416
115417
117210
117211
117212
117213
117214
117215
117216
117217
119010
119011
119012
119013
119014
119015
119016
119017
120810
120811
120812
120813
120814
120815
120816
120817
111783
111784
111785
111786
111787
111788
111789
111790
111791
111792
111793
111794
111795
113610
113611
113612
113613
113614
113615
113616
113617
115410
115411
115412
115413
115414
115415
115416
115417
117210
117211
117212
117213
117214
117215
117216
117217
119010
119011
119012
119013
119014
119015
119016
119017
120810
120811
120812
120813
120814
120815
120816
120817
123301
123302
123303
123304
123305
123306
123307
123308
124741
124742
124743
124744
124745
124746
124747
124748
126181
126182
126183
126184
126185
126186
126187
126188
127621
127622
127623
127624
127625
127626
127627
127628
123301
123302
123303
123304
123305
123306
123307
123308
124741
124742
124743
124744
124745
124746
124747
124748
126181
126182
126183
126184
126185
126186
126187
126188
127621
127622
127623
127624
127625
127626
127627
127628
132073
132074
132075
132076
132077
132078
132079
132080
132081
132082
132083
132084
132085
133546
133547
133548
133549
133550
133551
133552
133553
134986
134987
134988
134989
134990
134991
134992
134993
136426
136427
136428
136429
136430
136431
136432
136433
137866
137867
137868
137869
137870
137871
137872
137873
139306
139307
139308
139309
139310
139311
139312
139313
140746
140747
140748
140749
140750
140751
140752
140753
134266
134267
134268
134269
134270
134271
134272
134273
136426
136427
136428
136429
136430
136431
136432
136433
138581
138582
138583
138584
138585
138586
138587
138588
140746
140747
140748
140749
140750
140751
140752
140753
134266
134267
134268
134269
134270
134271
136426
136427
136428
136429
136430
136431
136432
136433
138581
138582
138583
138584
138585
138586
140746
140747
140748
140749
140750
140751
140752
140753
141900
141901
141902
141903
141904
141905
141906
141907
141908
141909
141910
141911
144091
144092
144093
144094
144095
144096
144097
146251
146252
146253
146254
146255
146256
146257
148411
148412
148413
148414
148415
148416
148417
150571
150572
150573
150574
150575
150576
150577
153769
153770
153771
153772
153773
153774
153775
155929
155930
155931
155932
155933
155934
155935
158089
158090
158091
158092
158093
158094
158095
160249
160250
160251
160252
160253
160254
160255
153769
153770
153771
153772
153773
153774
153775
155929
155930
155931
155932
155933
155934
155935
158089
158090
158091
158092
158093
158094
158095
160249
160250
160251
160252
160253
160254
160255
161340
161341
161342
161343
161344
161345
161346
161347
161348
161349
161350
161351
163534
163535
163536
163537
163538
163539
163540
165694
165695
165696
165697
165698
165699
165700
167854
167855
167856
167857
167858
167859
167860
170014
170015
170016
170017
170018
170019
170020
161340
161341
161342
161343
161344
161345
161346
161347
161348
161349
161350
161351
163534
163535
163536
163537
163538
163539
163540
165694
165695
165696
165697
165698
165699
165700
167854
167855
167856
167857
167858
167859
167860
170014
170015
170016
170017
170018
170019
170020
173464
173465
173466
173467
173468
173469
173470
175714
175715
175716
175717
175718
175719
175720
177964
177965
177966
177967
177968
177969
177970
182749
182750
182751
182752
182753
182754
182755
184999
185000
185001
185002
185003
185004
185005
187249
187250
187251
187252
187253
187254
187255
192484
192485
192486
192487
192488
192489
192490
194734
194735
194736
194737
194738
194739
194740
196984
196985
196986
196987
196988
196989
196990
190195
190196
190197
190198
190199
190200
190201
190202
190203
190204
190205
190206
192484
192485
192486
192487
192488
192489
192490
194734
194735
194736
194737
194738
194739
194740
196984
196985
196986
196987
196988
196989
196990
199608
199609
199610
199611
199612
199613
199614
199615
199616
199617
199618
199619
201889
201890
201891
201892
201893
201894
201895
204139
204140
204141
204142
204143
204144
204145
206389
206390
206391
206392
206393
206394
206395
208710
208711
208712
208713
208714
208715
208716
208717
208718
208719
208720
208721
210994
210995
210996
210997
210998
210999
211000
213244
213245
213246
213247
213248
213249
213250
215494
215495
215496
215497
215498
215499
215500
218010
218011
218012
218013
218014
218015
218016
218017
218018
218019
218020
218021
222544
222545
222546
222547
222548
222549
222550
224794
224795
224796
224797
224798
224799
224800
227340
227341
227342
227343
227344
227345
227346
227347
227348
227349
227350
227351
229624
229625
229626
229627
229628
229629
229630
231874
231875
231876
231877
231878
231879
231880
234124
234125
234126
234127
234128
234129
234130
227340
227341
227342
227343
227344
227345
227346
227347
227348
227349
227350
227351
229624
229625
229626
229627
229628
229629
229630
231874
231875
231876
231877
231878
231879
231880
234124
234125
234126
234127
234128
234129
234130
227340
227341
227342
227343
227344
227345
227346
227347
227348
227349
227350
227351
229624
229625
229626
229627
229628
229629
229630
231874
231875
231876
231877
231878
231879
231880
234124
234125
234126
234127
234128
234129
234130
237065
237066
237067
237068
237069
237070
237071
237072
237073
237074
237075
237076
239359
239360
239361
239362
239363
239364
239365
241609
241610
241611
241612
241613
241614
241615
243859
243860
243861
243862
243863
243864
243865
246215
246216
246217
246218
246219
246220
246221
246222
246223
246224
246225
246226
248509
248510
248511
248512
248513
248514
248515
250759
250760
250761
250762
250763
250764
250765
253009
253010
253011
253012
253013
253014
253015
255813
255814
255815
255816
255817
255818
255819
255820
255821
255822
255823
255824
258094
258095
258096
258097
258098
258099
258100
260344
260345
260346
260347
260348
260349
260350
262594
262595
262596
262597
262598
262599
262600
265900
265901
265902
265903
265904
265905
265906
265907
265908
265909
265910
265911
268189
268190
268191
268192
268193
268194
268195
270439
270440
270441
270442
270443
270444
270445
272689
272690
272691
272692
272693
272694
272695
275983
275984
275985
275986
275987
275988
275989
275990
275991
275992
275993
275994
278269
278270
278271
278272
278273
278274
278275
280519
280520
280521
280522
280523
280524
280525
282769
282770
282771
282772
282773
282774
282775
286188
286189
286190
286191
286192
286193
286194
286195
286196
286197
286198
286199
288469
288470
288471
288472
288473
288474
288475
290719
290720
290721
290722
290723
290724
290725
292969
292970
292971
292972
292973
292974
292975
295219
295220
295221
295222
295223
295224
295225
297048
297049
297050
297051
297052
297053
297054
297055
297056
297057
297058
297059
299329
299330
299331
299332
299333
299334
299335
301579
301580
301581
301582
301583
301584
301585
303829
303830
303831
303832
303833
303834
303835
297048
297049
297050
297051
297052
297053
297054
297055
297056
297057
297058
297059
299329
299330
299331
299332
299333
299334
299335
301579
301580
301581
301582
301583
301584
301585
303829
303830
303831
303832
303833
303834
303835
307043
307044
307045
307046
307047
307048
307049
307050
307051
307052
307053
307054
309514
309515
309516
309517
309518
309519
309520
311944
311945
311946
311947
311948
311949
311950
314374
314375
314376
314377
314378
314379
314380
317630
317631
317632
317633
317634
317635
317636
317637
317638
317639
317640
317641
320104
320105
320106
320107
320108
320109
320110
322534
322535
322536
322537
322538
322539
322540
324964
324965
324966
324967
324968
324969
324970
327394
327395
327396
327397
327398
327399
327400
328235
328236
328237
328238
328239
328240
328241
328242
328243
328244
328245
328246
331519
331520
331521
331522
331523
331524
331525
334759
334760
334761
334762
334763
334764
334765
328235
328236
328237
328238
328239
328240
328241
328242
328243
328244
328245
328246
331519
331520
331521
331522
331523
331524
331525
334759
334760
334761
334762
334763
334764
334765
338308
338309
338310
338311
338312
338313
338314
338315
338316
338317
338318
338319
341404
341405
341406
341407
341408
341409
341410
344464
344465
344466
344467
344468
344469
344470
348403
348404
348405
348406
348407
348408
348409
348410
348411
348412
348413
348414
351499
351500
351501
351502
351503
351504
351505
354559
354560
354561
354562
354563
354564
354565
358178
358179
358180
358181
358182
358183
358184
358185
358186
358187
358188
358189
361279
361280
361281
361282
361283
361284
361285
364339
364340
364341
364342
364343
364344
364345
368050
368051
368052
368053
368054
368055
368056
368057
368058
368059
368060
368061
372289
372290
372291
372292
372293
372294
372295
