1.339642258739999988e+03 1.339658925400000044e+03
1.342179757729999892e+03 1.342190868839999894e+03
1.344679756730000008e+03 1.344690867829999888e+03
1.347179755729999897e+03 1.347190866830000004e+03
1.349679754730000013e+03 1.349690865829999893e+03
1.352179753729999902e+03 1.352190864830000010e+03
1.354090864080000074e+03 1.354107530739999902e+03
1.356628363080000099e+03 1.356638085289999935e+03
1.359128362090000110e+03 1.359138084310000067e+03
1.361628361099999893e+03 1.361638083320000078e+03
1.364128360120000025e+03 1.364138082339999983e+03
1.366628359130000035e+03 1.366638081349999993e+03
1.368583913919999986e+03 1.368600580580000042e+03
1.371121412909999890e+03 1.371131135130000075e+03
1.373621411919999900e+03 1.373631134140000086e+03
1.376121410929999911e+03 1.376131133150000096e+03
1.378621409939999921e+03 1.378631132160000107e+03
1.381121408949999932e+03 1.381131131169999890e+03
1.382708908309999970e+03 1.382725574970000025e+03
1.385246407289999979e+03 1.385256129509999937e+03
1.387746406279999974e+03 1.387756128499999932e+03
1.390246405269999968e+03 1.390256127489999926e+03
1.392746404259999963e+03 1.392756126479999921e+03
1.395246403249999958e+03 1.395256125469999915e+03
1.398706124069999987e+03 1.398715846289999945e+03
1.400706123259999913e+03 1.400715845469999977e+03
1.402706122439999945e+03 1.402715844659999902e+03
1.404706121630000098e+03 1.404715843850000056e+03
1.410889452460000030e+03 1.410906119120000085e+03
1.412935284950000096e+03 1.412945007170000054e+03
1.413935284550000006e+03 1.413945006760000069e+03
1.414935284140000022e+03 1.414945006359999979e+03
1.416935283320000053e+03 1.416945005540000011e+03
1.418935282509999979e+03 1.418945004729999937e+03
1.419928337659999897e+03 1.419938059880000083e+03
1.420935281690000011e+03 1.420945003909999969e+03
1.422935280879999937e+03 1.422945003090000000e+03
1.424538058000000092e+03 1.424553335779999998e+03
1.427581112329999996e+03 1.427589445659999910e+03
1.430581111120000060e+03 1.430589444449999974e+03
1.433581109920000017e+03 1.433589443249999931e+03
1.436581108710000080e+03 1.436589442039999994e+03
1.441022773559999905e+03 1.441031106890000046e+03
1.444022772329999952e+03 1.444031105660000094e+03
1.447022771109999894e+03 1.447031104440000036e+03
1.450022769879999942e+03 1.450031103210000083e+03
1.451538047040000038e+03 1.451553324810000049e+03
1.454585268029999952e+03 1.454593601360000093e+03
1.457585266820000015e+03 1.457593600149999929e+03
1.460585265610000079e+03 1.460593598939999993e+03
1.463585264399999915e+03 1.463593597730000056e+03
1.468376929130000008e+03 1.468385262459999922e+03
1.471501927830000113e+03 1.471510261160000027e+03
1.474626926540000113e+03 1.474635259870000027e+03
1.481272757160000083e+03 1.481281090489999997e+03
1.484397755899999993e+03 1.484406089229999907e+03
1.487522754639999903e+03 1.487531087970000044e+03
1.491614419649999945e+03 1.491629697419999957e+03
1.494793585010000015e+03 1.494801918339999929e+03
1.497918583720000015e+03 1.497926917049999929e+03
1.501043582430000015e+03 1.501051915759999929e+03
1.504688025379999999e+03 1.504703303150000011e+03
1.507856079619999946e+03 1.507864412950000087e+03
1.510981078329999946e+03 1.510989411660000087e+03
1.514106077039999946e+03 1.514114410370000087e+03
1.517329686799999990e+03 1.517344964570000002e+03
1.520501907670000037e+03 1.520510240999999951e+03
1.523626906330000111e+03 1.523635239660000025e+03
1.526751905000000079e+03 1.526760238329999993e+03
1.530246347960000094e+03 1.530261625730000105e+03
1.536543567550000034e+03 1.536551900879999948e+03
1.539668566240000018e+03 1.539676899569999932e+03
1.543204675879999968e+03 1.543219953649999979e+03
1.546376896790000046e+03 1.546385230119999960e+03
1.549501895500000046e+03 1.549510228829999960e+03
1.552626894219999940e+03 1.552635227550000081e+03
1.556711614750000081e+03 1.556726892520000092e+03
1.559897724530000005e+03 1.559906057859999919e+03
1.563022723230000111e+03 1.563031056560000025e+03
1.566147721920000095e+03 1.566156055250000009e+03
1.569419942779999928e+03 1.569435220549999940e+03
1.572606052569999974e+03 1.572614385899999888e+03
1.575731051270000080e+03 1.575739384599999994e+03
1.578856049969999958e+03 1.578864383300000100e+03
1.582750492789999953e+03 1.582765770559999964e+03
1.585918547010000111e+03 1.585926880340000025e+03
1.589043545680000079e+03 1.589051879009999993e+03
1.592168544359999942e+03 1.592176877690000083e+03
1.596760209080000095e+03 1.596775486850000107e+03
1.599939374399999906e+03 1.599947707730000047e+03
1.603064373070000102e+03 1.603072706400000015e+03
1.606189371749999964e+03 1.606197705080000105e+03
1.610764369819999956e+03 1.610779647589999968e+03
1.613939368470000090e+03 1.613947701800000004e+03
1.617064367140000058e+03 1.617072700469999972e+03
1.620189365810000027e+03 1.620197699139999941e+03
1.624937974890000078e+03 1.624953252660000089e+03
1.628106029060000083e+03 1.628114362389999997e+03
1.631231027699999913e+03 1.631239361030000055e+03
1.634356026330000077e+03 1.634364359659999991e+03
1.637481024969999908e+03 1.637489358300000049e+03
1.640021301649999941e+03 1.640036579419999953e+03
1.643189355850000084e+03 1.643197689179999998e+03
1.646314354520000052e+03 1.646322687849999966e+03
1.649439353199999914e+03 1.649447686519999934e+03
1.653903240189999906e+03 1.653918517959999917e+03
1.657335183180000058e+03 1.657343516509999972e+03
1.660710181749999947e+03 1.660718515080000088e+03
1.664085180320000063e+03 1.664093513649999977e+03
1.668607400630000029e+03 1.668622678400000041e+03
1.672043510270000070e+03 1.672051843599999984e+03
1.675418508830000064e+03 1.675426842159999978e+03
1.678793507379999937e+03 1.678801840710000079e+03
1.682168505939999932e+03 1.682176839270000073e+03
1.683336560989999953e+03 1.683351838759999964e+03
1.687897670099999914e+03 1.687906003430000055e+03
1.692397668139999951e+03 1.692406001470000092e+03
1.697326832649999915e+03 1.697342110419999926e+03
1.701626830789999985e+03 1.701635164119999899e+03
1.705876828949999890e+03 1.705885162280000031e+03
1.711347659900000053e+03 1.711362937670000065e+03
1.715647657969999955e+03 1.715655991300000096e+03
1.719897656050000023e+03 1.719905989379999937e+03
1.724924042690000078e+03 1.724939320460000090e+03
1.729230985240000109e+03 1.729239318570000023e+03
1.733480983379999998e+03 1.733489316709999912e+03
1.738635147770000003e+03 1.738650425540000015e+03
1.744522645120000107e+03 1.744530978450000021e+03
