1339.64225874
1339.64364763
1339.64503652
1339.64642541
1339.6478143
1339.64920319
1339.65059207
1339.65198096
1339.65336985
1339.65475874
1339.65614763
1339.65753652
1339.6589254
1342.17975773
1342.18114662
1342.18253551
1342.18392439
1342.18531328
1342.18670217
1342.18809106
1342.18947995
1342.19086884
1344.67975673
1344.68114562
1344.6825345
1344.68392339
1344.68531228
1344.68670117
1344.68809006
1344.68947895
1344.69086783
1347.17975573
1347.18114462
1347.1825335
1347.18392239
1347.18531128
1347.18670017
1347.18808906
1347.18947795
1347.19086683
1349.67975473
1349.68114362
1349.6825325
1349.68392139
1349.68531028
1349.68669917
1349.68808806
1349.68947695
1349.69086583
1352.17975373
1352.18114261
1352.1825315
1352.18392039
1352.18530928
1352.18669817
1352.18808706
1352.18947594
1352.19086483
1354.09086408
1354.09225296
1354.09364185
1354.09503074
1354.09641963
1354.09780852
1354.09919741
1354.10058629
1354.10197518
1354.10336407
1354.10475296
1354.10614185
1354.10753074
1356.62836308
1356.62975196
1356.63114085
1356.63252974
1356.63391863
1356.63530752
1356.63669641
1356.63808529
1359.12836209
1359.12975098
1359.13113987
1359.13252876
1359.13391764
1359.13530653
1359.13669542
1359.13808431
1361.6283611
1361.62974999
1361.63113888
1361.63252777
1361.63391666
1361.63530555
1361.63669443
1361.63808332
1364.12836012
1364.12974901
1364.1311379
1364.13252678
1364.13391567
1364.13530456
1364.13669345
1364.13808234
1366.62835913
1366.62974802
1366.63113691
1366.6325258
1366.63391469
1366.63530358
1366.63669246
1366.63808135
1354.09086408
1354.09225296
1354.09364185
1354.09503074
1354.09641963
1354.09780852
1354.09919741
1354.10058629
1354.10197518
1354.10336407
1354.10475296
1354.10614185
1354.10753074
1356.62836308
1356.62975196
1356.63114085
1356.63252974
1356.63391863
1356.63530752
1356.63669641
1356.63808529
1359.12836209
1359.12975098
1359.13113987
1359.13252876
1359.13391764
1359.13530653
1359.13669542
1359.13808431
1361.6283611
1361.62974999
1361.63113888
1361.63252777
1361.63391666
1361.63530555
1361.63669443
1361.63808332
1364.12836012
1364.12974901
1364.1311379
1364.13252678
1364.13391567
1364.13530456
1364.13669345
1364.13808234
1366.62835913
1366.62974802
1366.63113691
1366.6325258
1366.63391469
1366.63530358
1366.63669246
1366.63808135
1354.09086408
1354.09225296
1354.09364185
1354.09503074
1354.09641963
1354.09780852
1354.09919741
1354.10058629
1354.10197518
1354.10336407
1354.10475296
1354.10614185
1354.10753074
1356.62836308
1356.62975196
1356.63114085
1356.63252974
1356.63391863
1356.63530752
1356.63669641
1356.63808529
1359.12836209
1359.12975098
1359.13113987
1359.13252876
1359.13391764
1359.13530653
1359.13669542
1359.13808431
1361.6283611
1361.62974999
1361.63113888
1361.63252777
1361.63391666
1361.63530555
1361.63669443
1361.63808332
1364.12836012
1364.12974901
1364.1311379
1364.13252678
1364.13391567
1364.13530456
1364.13669345
1364.13808234
1366.62835913
1366.62974802
1366.63113691
1366.6325258
1366.63391469
1366.63530358
1366.63669246
1366.63808135
1368.58391392
1368.58530281
1368.58669169
1368.58808058
1368.58946947
1368.59085836
1368.59224725
1368.59363614
1368.59502502
1368.59641391
1368.5978028
1368.59919169
1368.60058058
1371.12141291
1371.1228018
1371.12419069
1371.12557958
1371.12696847
1371.12835735
1371.12974624
1371.13113513
1373.62141192
1373.62280081
1373.6241897
1373.62557859
1373.62696747
1373.62835636
1373.62974525
1373.63113414
1376.12141093
1376.12279982
1376.12418871
1376.1255776
1376.12696648
1376.12835537
1376.12974426
1376.13113315
1378.62140994
1378.62279883
1378.62418772
1378.62557661
1378.62696549
1378.62835438
1378.62974327
1378.63113216
1381.12140895
1381.12279784
1381.12418673
1381.12557562
1381.1269645
1381.12835339
1381.12974228
1381.13113117
1368.58391392
1368.58530281
1368.58669169
1368.58808058
1368.58946947
1368.59085836
1368.59224725
1368.59363614
1368.59502502
1368.59641391
1368.5978028
1368.59919169
1368.60058058
1371.12141291
1371.1228018
1371.12419069
1371.12557958
1371.12696847
1371.12835735
1371.12974624
1371.13113513
1373.62141192
1373.62280081
1373.6241897
1373.62557859
1373.62696747
1373.62835636
1373.62974525
1373.63113414
1376.12141093
1376.12279982
1376.12418871
1376.1255776
1376.12696648
1376.12835537
1376.12974426
1376.13113315
1378.62140994
1378.62279883
1378.62418772
1378.62557661
1378.62696549
1378.62835438
1378.62974327
1378.63113216
1381.12140895
1381.12279784
1381.12418673
1381.12557562
1381.1269645
1381.12835339
1381.12974228
1381.13113117
1382.70890831
1382.7102972
1382.71168609
1382.71307498
1382.71446387
1382.71585276
1382.71724164
1382.71863053
1382.72001942
1382.72140831
1382.7227972
1382.72418609
1382.72557497
1385.24640729
1385.24779618
1385.24918506
1385.25057395
1385.25196284
1385.25335173
1385.25474062
1385.25612951
1387.74640628
1387.74779517
1387.74918405
1387.75057294
1387.75196183
1387.75335072
1387.75473961
1387.7561285
1390.24640527
1390.24779416
1390.24918304
1390.25057193
1390.25196082
1390.25334971
1390.2547386
1390.25612749
1392.74640426
1392.74779315
1392.74918203
1392.75057092
1392.75195981
1392.7533487
1392.75473759
1392.75612648
1395.24640325
1395.24779214
1395.24918102
1395.25056991
1395.2519588
1395.25334769
1395.25473658
1395.25612547
1382.70890831
1382.7102972
1382.71168609
1382.71307498
1382.71446387
1382.71585276
1382.71724164
1382.71863053
1382.72001942
1382.72140831
1382.7227972
1382.72418609
1382.72557497
1385.24640729
1385.24779618
1385.24918506
1385.25057395
1385.25196284
1385.25335173
1385.25474062
1385.25612951
1387.74640628
1387.74779517
1387.74918405
1387.75057294
1387.75196183
1387.75335072
1387.75473961
1387.7561285
1390.24640527
1390.24779416
1390.24918304
1390.25057193
1390.25196082
1390.25334971
1390.2547386
1390.25612749
1392.74640426
1392.74779315
1392.74918203
1392.75057092
1392.75195981
1392.7533487
1392.75473759
1392.75612648
1395.24640325
1395.24779214
1395.24918102
1395.25056991
1395.2519588
1395.25334769
1395.25473658
1395.25612547
1387.74640628
1387.74779517
1387.74918405
1387.75057294
1387.75196183
1387.75335072
1387.75473961
1387.7561285
1390.24640527
1390.24779416
1390.24918304
1390.25057193
1390.25196082
1390.25334971
1390.2547386
1390.25612749
1392.74640426
1392.74779315
1392.74918203
1392.75057092
1392.75195981
1392.7533487
1392.75473759
1392.75612648
1395.24640325
1395.24779214
1395.24918102
1395.25056991
1395.2519588
1395.25334769
1395.25473658
1395.25612547
1382.70890831
1382.7102972
1382.71168609
1382.71307498
1382.71446387
1382.71585276
1382.71724164
1382.71863053
1382.72001942
1382.72140831
1382.7227972
1382.72418609
1382.72557497
1385.24640729
1385.24779618
1385.24918506
1385.25057395
1385.25196284
1385.25335173
1385.25474062
1385.25612951
1387.74640628
1387.74779517
1387.74918405
1387.75057294
1387.75196183
1387.75335072
1387.75473961
1387.7561285
1390.24640527
1390.24779416
1390.24918304
1390.25057193
1390.25196082
1390.25334971
1390.2547386
1390.25612749
1392.74640426
1392.74779315
1392.74918203
1392.75057092
1392.75195981
1392.7533487
1392.75473759
1392.75612648
1395.24640325
1395.24779214
1395.24918102
1395.25056991
1395.2519588
1395.25334769
1395.25473658
1395.25612547
1398.70612407
1398.70751296
1398.70890184
1398.71029073
1398.71167962
1398.71306851
1398.7144574
1398.71584629
1400.70612326
1400.70751214
1400.70890103
1400.71028992
1400.71167881
1400.7130677
1400.71445659
1400.71584547
1402.70612244
1402.70751133
1402.70890022
1402.71028911
1402.711678
1402.71306689
1402.71445577
1402.71584466
1404.70612163
1404.70751052
1404.70889941
1404.7102883
1404.71167719
1404.71306607
1404.71445496
1404.71584385
1398.70612407
1398.70751296
1398.70890184
1398.71029073
1398.71167962
1398.71306851
1398.7144574
1398.71584629
1400.70612326
1400.70751214
1400.70890103
1400.71028992
1400.71167881
1400.7130677
1400.71445659
1400.71584547
1402.70612244
1402.70751133
1402.70890022
1402.71028911
1402.711678
1402.71306689
1402.71445577
1402.71584466
1404.70612163
1404.70751052
1404.70889941
1404.7102883
1404.71167719
1404.71306607
1404.71445496
1404.71584385
1410.88945246
1410.89084134
1410.89223023
1410.89361912
1410.89500801
1410.8963969
1410.89778579
1410.89917467
1410.90056356
1410.90195245
1410.90334134
1410.90473023
1410.90611912
1412.93528495
1412.93667384
1412.93806273
1412.93945162
1412.94084051
1412.9422294
1412.94361828
1412.94500717
1414.93528414
1414.93667303
1414.93806192
1414.9394508
1414.94083969
1414.94222858
1414.94361747
1414.94500636
1416.93528332
1416.93667221
1416.9380611
1416.93944999
1416.94083888
1416.94222776
1416.94361665
1416.94500554
1418.93528251
1418.9366714
1418.93806028
1418.93944917
1418.94083806
1418.94222695
1418.94361584
1418.94500473
1420.93528169
1420.93667058
1420.93805947
1420.93944836
1420.94083724
1420.94222613
1420.94361502
1420.94500391
1422.93528088
1422.93666976
1422.93805865
1422.93944754
1422.94083643
1422.94222532
1422.94361421
1422.94500309
1413.93528455
1413.93667343
1413.93806232
1413.93945121
1413.9408401
1413.94222899
1413.94361788
1413.94500676
1416.93528332
1416.93667221
1416.9380611
1416.93944999
1416.94083888
1416.94222776
1416.94361665
1416.94500554
1419.92833766
1419.92972655
1419.93111543
1419.93250432
1419.93389321
1419.9352821
1419.93667099
1419.93805988
1422.93528088
1422.93666976
1422.93805865
1422.93944754
1422.94083643
1422.94222532
1422.94361421
1422.94500309
1413.93528455
1413.93667343
1413.93806232
1413.93945121
1413.9408401
1413.94222899
1416.93528332
1416.93667221
1416.9380611
1416.93944999
1416.94083888
1416.94222776
1416.94361665
1416.94500554
1419.92833766
1419.92972655
1419.93111543
1419.93250432
1419.93389321
1419.9352821
1422.93528088
1422.93666976
1422.93805865
1422.93944754
1422.94083643
1422.94222532
1422.94361421
1422.94500309
1424.538058
1424.53944689
1424.54083578
1424.54222467
1424.54361356
1424.54500245
1424.54639133
1424.54778022
1424.54916911
1424.550558
1424.55194689
1424.55333578
1427.58111233
1427.58250122
1427.58389011
1427.585279
1427.58666789
1427.58805678
1427.58944566
1430.58111112
1430.58250001
1430.5838889
1430.58527779
1430.58666668
1430.58805557
1430.58944445
1433.58110992
1433.5824988
1433.58388769
1433.58527658
1433.58666547
1433.58805436
1433.58944325
1436.58110871
1436.5824976
1436.58388648
1436.58527537
1436.58666426
1436.58805315
1436.58944204
1441.02277356
1441.02416245
1441.02555134
1441.02694023
1441.02832912
1441.02971801
1441.03110689
1444.02277233
1444.02416122
1444.02555011
1444.026939
1444.02832789
1444.02971678
1444.03110566
1447.02277111
1447.02415999
1447.02554888
1447.02693777
1447.02832666
1447.02971555
1447.03110444
1450.02276988
1450.02415876
1450.02554765
1450.02693654
1450.02832543
1450.02971432
1450.03110321
1441.02277356
1441.02416245
1441.02555134
1441.02694023
1441.02832912
1441.02971801
1441.03110689
1444.02277233
1444.02416122
1444.02555011
1444.026939
1444.02832789
1444.02971678
1444.03110566
1447.02277111
1447.02415999
1447.02554888
1447.02693777
1447.02832666
1447.02971555
1447.03110444
1450.02276988
1450.02415876
1450.02554765
1450.02693654
1450.02832543
1450.02971432
1450.03110321
1451.53804704
1451.53943593
1451.54082481
1451.5422137
1451.54360259
1451.54499148
1451.54638037
1451.54776926
1451.54915814
1451.55054703
1451.55193592
1451.55332481
1454.58526803
1454.58665692
1454.58804581
1454.58943469
1454.59082358
1454.59221247
1454.59360136
1457.58526682
1457.58665571
1457.58804459
1457.58943348
1457.59082237
1457.59221126
1457.59360015
1460.58526561
1460.58665449
1460.58804338
1460.58943227
1460.59082116
1460.59221005
1460.59359894
1463.5852644
1463.58665328
1463.58804217
1463.58943106
1463.59081995
1463.59220884
1463.59359773
1451.53804704
1451.53943593
1451.54082481
1451.5422137
1451.54360259
1451.54499148
1451.54638037
1451.54776926
1451.54915814
1451.55054703
1451.55193592
1451.55332481
1454.58526803
1454.58665692
1454.58804581
1454.58943469
1454.59082358
1454.59221247
1454.59360136
1457.58526682
1457.58665571
1457.58804459
1457.58943348
1457.59082237
1457.59221126
1457.59360015
1460.58526561
1460.58665449
1460.58804338
1460.58943227
1460.59082116
1460.59221005
1460.59359894
1463.5852644
1463.58665328
1463.58804217
1463.58943106
1463.59081995
1463.59220884
1463.59359773
1468.37692913
1468.37831802
1468.3797069
1468.38109579
1468.38248468
1468.38387357
1468.38526246
1471.50192783
1471.50331672
1471.50470561
1471.5060945
1471.50748339
1471.50887228
1471.51026116
1474.62692654
1474.62831543
1474.62970432
1474.63109321
1474.63248209
1474.63387098
1474.63525987
1481.27275716
1481.27414605
1481.27553494
1481.27692383
1481.27831271
1481.2797016
1481.28109049
1484.3977559
1484.39914479
1484.40053368
1484.40192257
1484.40331146
1484.40470034
1484.40608923
1487.52275464
1487.52414353
1487.52553242
1487.52692131
1487.5283102
1487.52969909
1487.53108797
1494.79358501
1494.79497389
1494.79636278
1494.79775167
1494.79914056
1494.80052945
1494.80191834
1497.91858372
1497.91997261
1497.9213615
1497.92275038
1497.92413927
1497.92552816
1497.92691705
1501.04358243
1501.04497132
1501.04636021
1501.0477491
1501.04913799
1501.05052688
1501.05191576
1491.61441965
1491.61580854
1491.61719743
1491.61858631
1491.6199752
1491.62136409
1491.62275298
1491.62414187
1491.62553076
1491.62691964
1491.62830853
1491.62969742
1494.79358501
1494.79497389
1494.79636278
1494.79775167
1494.79914056
1494.80052945
1494.80191834
1497.91858372
1497.91997261
1497.9213615
1497.92275038
1497.92413927
1497.92552816
1497.92691705
1501.04358243
1501.04497132
1501.04636021
1501.0477491
1501.04913799
1501.05052688
1501.05191576
1504.68802538
1504.68941426
1504.69080315
1504.69219204
1504.69358093
1504.69496982
1504.69635871
1504.69774759
1504.69913648
1504.70052537
1504.70191426
1504.70330315
1507.85607962
1507.85746851
1507.8588574
1507.86024629
1507.86163517
1507.86302406
1507.86441295
1510.98107833
1510.98246722
1510.9838561
1510.98524499
1510.98663388
1510.98802277
1510.98941166
1514.10607704
1514.10746592
1514.10885481
1514.1102437
1514.11163259
1514.11302148
1514.11441037
1517.3296868
1517.33107569
1517.33246457
1517.33385346
1517.33524235
1517.33663124
1517.33802013
1517.33940902
1517.3407979
1517.34218679
1517.34357568
1517.34496457
1520.50190767
1520.50329655
1520.50468544
1520.50607433
1520.50746322
1520.50885211
1520.510241
1523.62690633
1523.62829522
1523.62968411
1523.631073
1523.63246189
1523.63385077
1523.63523966
1526.751905
1526.75329389
1526.75468278
1526.75607166
1526.75746055
1526.75884944
1526.76023833
1530.24634796
1530.24773685
1530.24912574
1530.25051463
1530.25190351
1530.2532924
1530.25468129
1530.25607018
1530.25745907
1530.25884796
1530.26023684
1530.26162573
1536.54356755
1536.54495643
1536.54634532
1536.54773421
1536.5491231
1536.55051199
1536.55190088
1539.66856624
1539.66995513
1539.67134401
1539.6727329
1539.67412179
1539.67551068
1539.67689957
1543.20467588
1543.20606476
1543.20745365
1543.20884254
1543.21023143
1543.21162032
1543.21300921
1543.21439809
1543.21578698
1543.21717587
1543.21856476
1543.21995365
1546.37689679
1546.37828568
1546.37967457
1546.38106346
1546.38245235
1546.38384123
1546.38523012
1549.5018955
1549.50328439
1549.50467328
1549.50606217
1549.50745106
1549.50883995
1549.51022883
1552.62689422
1552.62828311
1552.62967199
1552.63106088
1552.63244977
1552.63383866
1552.63522755
1543.20467588
1543.20606476
1543.20745365
1543.20884254
1543.21023143
1543.21162032
1543.21300921
1543.21439809
1543.21578698
1543.21717587
1543.21856476
1543.21995365
1546.37689679
1546.37828568
1546.37967457
1546.38106346
1546.38245235
1546.38384123
1546.38523012
1549.5018955
1549.50328439
1549.50467328
1549.50606217
1549.50745106
1549.50883995
1549.51022883
1552.62689422
1552.62828311
1552.62967199
1552.63106088
1552.63244977
1552.63383866
1552.63522755
1543.20467588
1543.20606476
1543.20745365
1543.20884254
1543.21023143
1543.21162032
1543.21300921
1543.21439809
1543.21578698
1543.21717587
1543.21856476
1543.21995365
1546.37689679
1546.37828568
1546.37967457
1546.38106346
1546.38245235
1546.38384123
1546.38523012
1549.5018955
1549.50328439
1549.50467328
1549.50606217
1549.50745106
1549.50883995
1549.51022883
1552.62689422
1552.62828311
1552.62967199
1552.63106088
1552.63244977
1552.63383866
1552.63522755
1556.71161475
1556.71300364
1556.71439253
1556.71578142
1556.71717031
1556.71855919
1556.71994808
1556.72133697
1556.72272586
1556.72411475
1556.72550364
1556.72689252
1559.89772453
1559.89911342
1559.90050231
1559.9018912
1559.90328009
1559.90466897
1559.90605786
1563.02272323
1563.02411211
1563.025501
1563.02688989
1563.02827878
1563.02966767
1563.03105656
1566.14772192
1566.14911081
1566.1504997
1566.15188859
1566.15327747
1566.15466636
1566.15605525
1569.41994278
1569.42133167
1569.42272055
1569.42410944
1569.42549833
1569.42688722
1569.42827611
1569.429665
1569.43105388
1569.43244277
1569.43383166
1569.43522055
1572.60605257
1572.60744146
1572.60883034
1572.61021923
1572.61160812
1572.61299701
1572.6143859
1575.73105127
1575.73244016
1575.73382905
1575.73521793
1575.73660682
1575.73799571
1575.7393846
1578.85604997
1578.85743886
1578.85882775
1578.86021664
1578.86160553
1578.86299441
1578.8643833
1582.75049279
1582.75188168
1582.75327057
1582.75465946
1582.75604835
1582.75743724
1582.75882612
1582.76021501
1582.7616039
1582.76299279
1582.76438168
1582.76577056
1585.91854701
1585.91993589
1585.92132478
1585.92271367
1585.92410256
1585.92549145
1585.92688034
1589.04354568
1589.04493457
1589.04632346
1589.04771235
1589.04910123
1589.05049012
1589.05187901
1592.16854436
1592.16993324
1592.17132213
1592.17271102
1592.17409991
1592.1754888
1592.17687769
1596.76020908
1596.76159796
1596.76298685
1596.76437574
1596.76576463
1596.76715352
1596.76854241
1596.76993129
1596.77132018
1596.77270907
1596.77409796
1596.77548685
1599.9393744
1599.94076329
1599.94215217
1599.94354106
1599.94492995
1599.94631884
1599.94770773
1603.06437307
1603.06576196
1603.06715085
1603.06853974
1603.06992863
1603.07131752
1603.0727064
1606.18937175
1606.19076064
1606.19214953
1606.19353842
1606.19492731
1606.19631619
1606.19770508
1610.76436982
1610.7657587
1610.76714759
1610.76853648
1610.76992537
1610.77131426
1610.77270315
1610.77409203
1610.77548092
1610.77686981
1610.7782587
1610.77964759
1613.93936847
1613.94075735
1613.94214624
1613.94353513
1613.94492402
1613.94631291
1613.9477018
1617.06436714
1617.06575603
1617.06714491
1617.0685338
1617.06992269
1617.07131158
1617.07270047
1620.18936581
1620.1907547
1620.19214359
1620.19353247
1620.19492136
1620.19631025
1620.19769914
1624.93797489
1624.93936378
1624.94075267
1624.94214155
1624.94353044
1624.94491933
1624.94630822
1624.94769711
1624.949086
1624.95047488
1624.95186377
1624.95325266
1628.10602906
1628.10741795
1628.10880684
1628.11019573
1628.11158461
1628.1129735
1628.11436239
1631.2310277
1631.23241658
1631.23380547
1631.23519436
1631.23658325
1631.23797214
1631.23936103
1634.35602633
1634.35741522
1634.35880411
1634.360193
1634.36158188
1634.36297077
1634.36435966
1637.48102497
1637.48241385
1637.48380274
1637.48519163
1637.48658052
1637.48796941
1637.4893583
1640.02130165
1640.02269053
1640.02407942
1640.02546831
1640.0268572
1640.02824609
1640.02963497
1640.03102386
1640.03241275
1640.03380164
1640.03519053
1640.03657942
1643.18935585
1643.19074474
1643.19213363
1643.19352252
1643.19491141
1643.19630029
1643.19768918
1646.31435452
1646.31574341
1646.3171323
1646.31852119
1646.31991008
1646.32129897
1646.32268785
1649.4393532
1649.44074208
1649.44213097
1649.44351986
1649.44490875
1649.44629764
1649.44768652
1640.02130165
1640.02269053
1640.02407942
1640.02546831
1640.0268572
1640.02824609
1640.02963497
1640.03102386
1640.03241275
1640.03380164
1640.03519053
1640.03657942
1643.18935585
1643.19074474
1643.19213363
1643.19352252
1643.19491141
1643.19630029
1643.19768918
1646.31435452
1646.31574341
1646.3171323
1646.31852119
1646.31991008
1646.32129897
1646.32268785
1649.4393532
1649.44074208
1649.44213097
1649.44351986
1649.44490875
1649.44629764
1649.44768652
1653.90324019
1653.90462908
1653.90601796
1653.90740685
1653.90879574
1653.91018463
1653.91157352
1653.91296241
1653.91435129
1653.91574018
1653.91712907
1653.91851796
1657.33518318
1657.33657207
1657.33796096
1657.33934984
1657.34073873
1657.34212762
1657.34351651
1660.71018175
1660.71157064
1660.71295953
1660.71434842
1660.7157373
1660.71712619
1660.71851508
1664.08518032
1664.08656921
1664.0879581
1664.08934699
1664.09073587
1664.09212476
1664.09351365
1668.60740063
1668.60878951
1668.6101784
1668.61156729
1668.61295618
1668.61434507
1668.61573396
1668.61712284
1668.61851173
1668.61990062
1668.62128951
1668.6226784
1672.04351027
1672.04489916
1672.04628804
1672.04767693
1672.04906582
1672.05045471
1672.0518436
1675.41850883
1675.41989771
1675.4212866
1675.42267549
1675.42406438
1675.42545327
1675.42684216
1678.79350738
1678.79489627
1678.79628516
1678.79767405
1678.79906294
1678.80045182
1678.80184071
1682.16850594
1682.16989483
1682.17128372
1682.17267261
1682.17406149
1682.17545038
1682.17683927
1683.33656099
1683.33794988
1683.33933876
1683.34072765
1683.34211654
1683.34350543
1683.34489432
1683.34628321
1683.34767209
1683.34906098
1683.35044987
1683.35183876
1687.8976701
1687.89905899
1687.90044788
1687.90183677
1687.90322566
1687.90461455
1687.90600343
1692.39766814
1692.39905702
1692.40044591
1692.4018348
1692.40322369
1692.40461258
1692.40600147
1683.33656099
1683.33794988
1683.33933876
1683.34072765
1683.34211654
1683.34350543
1683.34489432
1683.34628321
1683.34767209
1683.34906098
1683.35044987
1683.35183876
1687.8976701
1687.89905899
1687.90044788
1687.90183677
1687.90322566
1687.90461455
1687.90600343
1692.39766814
1692.39905702
1692.40044591
1692.4018348
1692.40322369
1692.40461258
1692.40600147
1697.32683265
1697.32822154
1697.32961043
1697.33099932
1697.3323882
1697.33377709
1697.33516598
1697.33655487
1697.33794376
1697.33933265
1697.34072153
1697.34211042
1701.62683079
1701.62821968
1701.62960857
1701.63099746
1701.63238635
1701.63377523
1701.63516412
1705.87682895
1705.87821784
1705.87960673
1705.88099562
1705.88238451
1705.8837734
1705.88516228
1711.3476599
1711.34904879
1711.35043768
1711.35182657
1711.35321546
1711.35460435
1711.35599323
1711.35738212
1711.35877101
1711.3601599
1711.36154879
1711.36293767
1715.64765797
1715.64904686
1715.65043574
1715.65182463
1715.65321352
1715.65460241
1715.6559913
1719.89765605
1719.89904494
1719.90043383
1719.90182272
1719.90321161
1719.9046005
1719.90598938
1724.92404269
1724.92543158
1724.92682047
1724.92820936
1724.92959824
1724.93098713
1724.93237602
1724.93376491
1724.9351538
1724.93654269
1724.93793157
1724.93932046
1729.23098524
1729.23237413
1729.23376302
1729.23515191
1729.2365408
1729.23792969
1729.23931857
1733.48098338
1733.48237227
1733.48376115
1733.48515004
1733.48653893
1733.48792782
1733.48931671
1738.63514777
1738.63653666
1738.63792554
1738.63931443
1738.64070332
1738.64209221
1738.6434811
1738.64486999
1738.64625887
1738.64764776
1738.64903665
1738.65042554
1744.52264512
1744.52403401
1744.52542289
1744.52681178
1744.52820067
1744.52958956
1744.53097845
